0 471 258 376 272 574 275 355 289 145 378 280 436 547 561 472 30 659 476 473 621 558 282 441 512 490 62 335 326 263 
471 0 385 356 679 322 401 333 311 612 427 744 466 268 493 2 476 323 84 535 156 440 635 846 59 668 532 726 739 708 
258 385 0 501 324 625 445 109 404 385 537 510 182 580 303 384 237 445 435 231 495 301 537 477 442 713 286 594 380 378 
376 356 501 0 648 228 115 530 98 454 72 555 665 226 749 358 401 672 292 726 496 714 358 816 349 314 429 454 702 633 
272 679 324 648 0 840 546 428 560 257 648 305 420 808 551 679 247 766 707 415 809 577 475 172 731 725 224 477 59 82 
574 322 625 228 840 0 341 615 287 673 281 781 755 53 805 324 594 634 238 823 401 757 586 1012 279 488 633 681 897 837 
275 401 445 115 546 341 0 496 90 341 102 440 621 333 720 403 303 694 356 676 553 694 254 711 410 286 323 350 598 525 
355 333 109 530 428 615 496 0 438 489 578 617 140 565 224 332 337 338 399 208 417 206 625 572 393 777 390 689 482 486 
289 311 404 98 560 287 90 438 0 387 140 501 570 267 659 313 312 609 267 630 463 627 337 730 321 366 347 433 615 552 
145 612 385 454 257 673 341 489 387 0 434 134 551 654 682 612 154 803 608 576 764 686 218 394 649 471 99 231 291 204 
378 427 537 72 648 281 102 578 140 434 0 522 708 288 800 429 405 739 364 766 568 768 308 812 421 242 424 402 699 625 
280 744 510 555 305 781 440 617 501 134 522 0 666 768 799 745 287 936 737 682 898 808 240 391 779 498 230 196 316 228 
436 466 182 665 420 755 621 140 570 551 708 666 0 706 133 465 412 387 536 69 528 158 717 531 525 895 455 770 463 492 
547 268 580 226 808 53 333 565 267 654 288 768 706 0 753 270 565 581 184 774 351 704 584 980 225 510 607 680 866 810 
561 493 303 749 551 805 720 224 659 682 800 799 133 753 0 491 539 318 573 146 515 63 840 650 549 1001 585 897 591 625 
472 2 384 358 679 324 403 332 313 612 429 745 465 270 491 0 477 321 86 534 155 438 636 846 60 670 532 727 739 708 
30 476 237 401 247 594 303 337 312 154 405 287 412 565 539 477 0 649 486 446 623 538 308 418 519 520 58 358 303 245 
659 323 445 672 766 634 694 338 609 803 739 936 387 581 318 321 649 0 404 439 252 256 893 903 356 975 706 973 819 823 
476 84 435 292 707 238 356 399 267 608 364 737 536 184 573 86 486 404 0 606 203 521 602 878 56 607 538 697 767 727 
473 535 231 726 415 823 676 208 630 576 766 682 69 774 146 534 446 439 606 0 595 192 755 505 595 944 483 801 450 492 
621 156 495 496 809 401 553 417 463 764 568 898 528 351 515 155 623 252 203 595 0 453 791 970 146 811 680 883 868 846 
558 440 301 714 577 757 694 206 627 686 768 808 158 704 63 438 538 256 521 192 453 0 831 689 494 978 587 893 621 648 
282 635 537 358 475 586 254 625 337 218 308 240 717 584 840 636 308 893 602 755 791 831 0 604 654 260 280 96 507 418 
441 846 477 816 172 1012 711 572 730 394 812 391 531 980 650 846 418 903 878 505 970 689 604 0 899 863 388 584 114 189 
512 59 442 349 731 279 410 393 321 649 421 779 525 225 549 60 519 356 56 595 146 494 654 899 0 664 573 747 790 756 
490 668 713 314 725 488 286 777 366 471 242 498 895 510 1001 670 520 975 607 944 811 978 260 863 664 0 512 313 763 676 
62 532 286 429 224 633 323 390 347 99 424 230 455 607 585 532 58 706 538 483 680 587 280 388 573 512 0 317 274 205 
335 726 594 454 477 681 350 689 433 231 402 196 770 680 897 727 358 973 697 801 883 893 96 584 747 313 317 0 499 409 
326 739 380 702 59 897 598 482 615 291 699 316 463 866 591 739 303 819 767 450 868 621 507 114 790 763 274 499 0 90 
263 708 378 633 82 837 525 486 552 204 625 228 492 810 625 708 245 823 727 492 846 648 418 189 756 676 205 409 90 0 